002.jpg 157 142 197 182 5.294392646320443
007.jpg 60 234 90 264 5.601495614024458
008.jpg 160 93 302 235 5.094057329960968
011.jpg 81 151 118 189 5.21279493734146
012.jpg 234 145 264 176 5.18397412756655
017.jpg 171 125 201 156 5.252167896152084
033.jpg 306 220 377 291 5.0692566377845285
034.jpg 232 225 270 263 5.327284649622737
034.jpg 346 161 395 210 5.021242351183631
035.jpg 150 75 310 235 5.27701786877104
038.jpg 160 176 245 261 5.08708241967922
066.jpg 204 180 332 308 5.624724848969153
071.jpg 193 133 264 204 5.17034697182828
071.jpg 336 6 400 70 5.020917594418719
075.jpg 232 92 274 134 5.091721773955676
078.jpg 202 270 282 350 6.13966860242453
078.jpg 336 168 368 200 5.196090889031231
078.jpg 91 134 167 209 5.169396046866655
079.jpg 140 40 353 253 5.754726883688338
080.jpg 290 284 324 317 5.407424027825357
082.jpg 96 156 138 198 5.547402797898311
086.jpg 40 66 182 208 5.070300587008591
095.jpg 315 85 349 118 5.406804754761758
110.jpg 126 216 190 280 5.329731103657416
113.jpg 200 13 342 155 5.033471951240939
116.jpg 85 85 268 268 5.084667735556216
122.jpg 172 165 252 245 5.726910953273993
122.jpg 233 138 301 206 5.447990664863145
124.jpg 210 126 274 190 5.084197743735288
126.jpg 381 232 418 270 6.3536728167492456
126.jpg 372 208 414 250 6.201910819609317
126.jpg 345 110 398 163 5.751193645031492
126.jpg 367 183 407 223 5.727983218593909
126.jpg 363 161 403 201 5.710213320113237
126.jpg 327 70 385 129 5.038437423710095
131.jpg 345 135 377 167 5.231580488704079
141.jpg 340 270 393 323 5.297844036327255
141.jpg 310 220 345 255 5.029214661055407
144.jpg 286 46 357 117 5.414277113647525
146.jpg 340 213 375 248 5.667459940540109
146.jpg 349 74 387 111 5.044941931774428
153.jpg 114 150 146 182 6.293429909160174
159.jpg 137 85 320 268 5.351129153615631
165.jpg 288 168 416 296 5.002919607765099
168.jpg 265 254 296 284 5.9894823048822445
168.jpg 297 261 329 293 5.435636719203316
168.jpg 264 105 296 137 5.043591245040478
169.jpg 153 183 188 218 5.210377891421292
177.jpg 265 218 311 264 5.581394856507192
177.jpg 260 196 295 232 5.02324363945376
181.jpg 318 240 382 304 5.4101666108968125
187.jpg 158 42 204 88 5.1990679555278625
188.jpg 341 56 381 96 5.001544942519292
191.jpg 5 174 63 232 5.345585827379747
191.jpg 25 148 58 182 5.206141034541577
191.jpg 22 202 102 282 5.159982276223651
194.jpg 98 49 174 124 5.171929744207995
