001.jpg 126 6 180 113 7.503602058600787
001.jpg 120 148 152 212 6.4926069105562725
001.jpg 20 246 73 353 6.005664306211862
001.jpg 98 147 141 234 5.862823721995705
001.jpg 24 144 120 336 5.708468208058552
001.jpg 32 10 119 185 5.58187217099281
002.jpg 180 233 206 286 6.783132157564179
002.jpg 185 103 229 190 5.4127363480367805
002.jpg 246 126 294 222 5.149800534639137
003.jpg 12 221 37 271 5.803855251504849
003.jpg 60 180 92 244 5.6002948040837595
003.jpg 21 103 65 190 5.394140741015439
003.jpg 22 142 82 262 5.154911515990808
003.jpg 244 92 276 156 5.10334220848986
003.jpg 258 55 332 203 5.068989826909274
004.jpg 71 131 94 177 5.091783393623913
006.jpg 150 95 190 175 6.0162065175279
006.jpg 266 166 320 273 5.690607055335526
006.jpg 190 7 247 120 5.143013166113651
006.jpg 423 167 448 217 5.13455847023155
007.jpg 41 253 78 327 6.062912932630489
007.jpg 66 236 93 290 5.120149154772214
008.jpg 300 113 353 220 5.317506247544479
008.jpg 78 69 102 117 5.278134888260752
008.jpg 374 49 430 162 5.007349145351666
009.jpg 176 21 232 134 8.590135114678528
009.jpg 324 72 372 168 5.944292007634955
009.jpg 230 83 267 156 5.30015969824473
009.jpg 282 111 351 248 5.082819040167415
009.jpg 221 23 258 96 5.032299333479195
010.jpg 313 96 350 170 5.061813937627079
011.jpg 249 87 286 161 6.171324559444852
011.jpg 291 114 315 162 5.252036623954073
013.jpg 296 164 347 265 6.881251556987596
013.jpg 390 132 438 228 6.812411687315855
013.jpg 261 76 349 250 6.804846850891831
013.jpg 374 140 397 185 5.353661040064971
013.jpg 243 180 268 230 5.237982404436179
013.jpg 225 217 248 262 5.008904019258214
015.jpg 206 156 233 210 6.252181588326662
015.jpg 300 75 420 315 5.646987041402291
015.jpg 228 160 251 205 5.006247866697155
016.jpg 157 185 180 231 7.141419499538475
016.jpg 255 82 315 202 6.561110591438226
016.jpg 244 176 276 240 6.355137017153613
016.jpg 262 187 322 307 5.5159525725420036
017.jpg 200 120 240 200 6.48631620791587
017.jpg 175 135 215 215 5.87340239232655
017.jpg 185 225 208 271 5.607875439625534
017.jpg 128 102 151 148 5.278879879489727
017.jpg 119 174 207 349 5.026192350522871
018.jpg 293 277 318 328 6.376127973052254
018.jpg 360 55 400 135 5.861842440894447
018.jpg 320 180 342 225 5.343576601262447
018.jpg 342 142 365 188 5.335323581288376
020.jpg 228 66 276 162 5.602591474994224
020.jpg 119 152 163 239 5.226741973588375
020.jpg 381 176 409 232 5.135231452345234
021.jpg 102 250 130 307 5.726308988441129
021.jpg 70 240 96 293 5.208267318750913
021.jpg 400 104 432 168 5.120648957542787
023.jpg 290 176 316 230 5.776219256796995
023.jpg 186 173 213 226 5.330484921189569
024.jpg 232 30 292 150 5.610089205847647
025.jpg 250 50 330 210 7.0061980673727255
025.jpg 56 152 120 280 6.5411904609143505
026.jpg 330 99 354 147 5.469504444573618
027.jpg 346 106 383 180 6.461047169804004
027.jpg 423 157 473 258 5.8685377347267575
027.jpg 340 165 362 211 5.083745905542479
028.jpg 180 88 205 138 5.5869507854790825
028.jpg 157 172 217 292 5.181300121372431
029.jpg 80 120 133 226 5.564373562071527
029.jpg 366 173 391 224 5.2530948487432845
030.jpg 330 60 364 128 6.836218002944641
030.jpg 106 53 213 266 5.361790020004802
031.jpg 240 40 320 200 5.851896917576514
032.jpg 201 225 225 273 5.092853920255251
033.jpg 104 129 129 180 5.042737313116232
034.jpg 360 158 394 227 5.61400218478895
034.jpg 312 255 336 303 5.149028658058516
035.jpg 190 114 234 201 6.9975690614299495
035.jpg 129 102 153 150 6.980576440086633
035.jpg 75 60 195 300 6.357135925634765
035.jpg 257 112 285 169 6.332936708488052
036.jpg 260 190 340 350 5.842069165355399
036.jpg 248 291 271 337 5.75794033280804
036.jpg 210 90 258 186 5.452457217240797
037.jpg 138 92 212 240 8.277770511090278
037.jpg 359 174 403 261 5.845597916941326
037.jpg 388 120 411 165 5.4808421376898675
037.jpg 123 201 151 257 5.161697132524651
037.jpg 403 120 430 173 5.0063229676771765
038.jpg 154 186 180 236 5.851940084421869
038.jpg 186 249 211 300 5.224452487817857
039.jpg 270 214 304 282 6.461903408462323
039.jpg 321 107 355 175 5.924307938038549
039.jpg 348 48 396 144 5.862230599635961
039.jpg 216 48 280 176 5.6530878045598065
039.jpg 300 113 326 166 5.467555197431373
039.jpg 275 95 315 175 5.372492392657659
039.jpg 401 56 431 116 5.272673830078411
039.jpg 432 107 457 157 5.057888457752201
040.jpg 240 64 304 192 5.528853314642944
040.jpg 54 246 102 342 5.173862131707125
040.jpg 309 221 360 322 5.0723962877913
041.jpg 205 68 342 342 6.094837192048091
041.jpg 112 195 142 255 5.191012177319834
041.jpg 105 265 145 345 5.129897868215904
041.jpg 15 90 135 330 5.0075769484524955
042.jpg 345 200 368 245 6.138097517839997
042.jpg 0 120 25 170 5.620190040347698
042.jpg 340 216 372 280 5.342702501840019
042.jpg 84 252 132 348 5.283986602466516
042.jpg 351 294 375 342 5.2363745747566135
042.jpg 23 267 60 341 5.0695115345513955
043.jpg 30 145 64 214 6.207539333679939
043.jpg 365 94 388 140 5.306980980134288
043.jpg 280 20 440 340 5.302065622348797
044.jpg 205 55 245 135 6.153674305031288
044.jpg 204 190 261 303 5.3751158747471735
045.jpg 368 216 432 344 5.939789691041408
045.jpg 341 255 371 315 5.324354484682306
046.jpg 205 174 228 220 6.88662427120973
046.jpg 347 154 381 222 5.5986051700306305
046.jpg 219 195 243 243 5.550845508963437
050.jpg 363 156 390 210 5.057701150124313
051.jpg 54 120 102 216 6.602033519973009
051.jpg 102 174 150 270 5.366277082341362
051.jpg 277 108 300 154 5.302755986447682
051.jpg 171 108 195 156 5.240080717453623
051.jpg 280 170 306 223 5.020721811142344
052.jpg 162 162 210 258 7.04756813235846
052.jpg 202 62 225 108 5.324695525363865
053.jpg 306 300 333 353 5.884614358911094
053.jpg 147 78 171 126 5.879535366248934
053.jpg 120 111 154 180 5.601613009368901
053.jpg 155 102 183 158 5.475494585653847
053.jpg 160 40 192 104 5.156277743728243
054.jpg 176 252 208 316 6.328363965214663
054.jpg 165 190 194 247 5.733066518641202
054.jpg 107 274 132 325 5.628344289470405
054.jpg 128 176 192 304 5.620428453462537
056.jpg 318 246 344 296 5.248718415314521
057.jpg 48 41 78 101 5.850883976160672
057.jpg 4 102 38 171 5.291171669546646
057.jpg 240 55 313 203 5.192477161953461
057.jpg 82 3 107 53 5.01319261998751
058.jpg 310 226 336 280 5.389077584191286
058.jpg 210 75 270 195 5.31302261245267
059.jpg 230 88 255 138 6.139414441707444
059.jpg 180 78 228 174 5.451903849467238
059.jpg 6 198 54 294 5.00404171799752
061.jpg 93 80 200 293 6.651822336932199
061.jpg 300 235 334 304 6.031602672582917
061.jpg 12 12 36 60 5.801042159520451
061.jpg 40 40 72 104 5.775439601785379
061.jpg 291 128 325 197 5.64539318342776
061.jpg 63 66 88 116 5.3930479261071
061.jpg 262 122 285 168 5.2872070625982115
061.jpg 52 150 112 270 5.128712274973797
061.jpg 12 32 44 96 5.068723320664427
061.jpg 331 138 356 189 5.032090439877475
063.jpg 66 40 173 253 5.6450881448436405
063.jpg 244 197 278 265 5.300043096830494
064.jpg 131 117 154 162 5.030388329756615
065.jpg 97 67 157 187 6.516720422171932
065.jpg 76 220 103 273 5.731161516545603
067.jpg 185 291 208 337 6.068234032133141
067.jpg 192 32 256 160 5.611926766931068
069.jpg 150 192 198 288 5.202612849110249
069.jpg 270 105 390 345 5.060565222038036
070.jpg 325 262 350 312 5.307019259772524
071.jpg 67 7 97 67 5.663141545830424
071.jpg 197 127 254 240 5.6483480902662535
071.jpg 94 311 117 357 5.182575007029664
071.jpg 132 306 156 354 5.001443307810229
072.jpg 215 98 243 155 5.789418657380359
072.jpg 195 91 221 142 5.017042199921862
073.jpg 182 182 205 228 6.18869909469473
073.jpg 291 192 325 261 5.759766874853893
074.jpg 231 218 265 287 7.086422620470138
075.jpg 156 72 180 120 5.057989743038593
076.jpg 306 210 333 263 5.046390575521491
077.jpg 345 131 375 191 7.410497720298327
077.jpg 150 75 270 315 7.128116791452136
077.jpg 315 170 355 250 5.78037612756583
078.jpg 341 230 366 281 7.6832062384099835
078.jpg 355 175 392 249 7.507558432502353
078.jpg 322 191 352 251 7.024792965988777
078.jpg 75 15 195 255 6.218279779786636
078.jpg 208 276 240 340 6.12964053086522
078.jpg 320 60 400 220 6.102826901077815
078.jpg 296 94 322 145 5.893440921876035
078.jpg 315 208 366 309 5.375552315701848
078.jpg 54 252 102 348 5.345336485682477
078.jpg 245 270 285 350 5.28527164608316
079.jpg 147 150 171 198 5.889574146065545
079.jpg 323 203 350 256 5.196705136138082
079.jpg 280 93 333 200 5.119678645995393
080.jpg 288 277 318 337 9.105958073052829
080.jpg 288 249 312 297 5.6502118174312415
081.jpg 198 67 228 127 5.752234594984564
081.jpg 334 28 360 78 5.307050436141822
081.jpg 257 34 394 308 5.089686461756585
082.jpg 73 146 100 200 6.335579677507292
083.jpg 163 141 250 316 6.114529598919141
084.jpg 276 233 303 286 5.11015741882081
085.jpg 218 109 261 196 6.063338663246599
085.jpg 120 248 142 294 6.048157610331961
085.jpg 300 143 336 216 5.57455101757736
085.jpg 144 228 168 276 5.543813525255272
086.jpg 40 56 66 110 5.338080627058108
086.jpg 36 78 73 152 5.228057615261543
086.jpg 40 26 146 240 5.036012381936381
087.jpg 114 305 137 351 6.0152705230327665
087.jpg 65 152 152 327 5.885984591553358
087.jpg 147 258 184 332 5.7644093721592675
087.jpg 93 86 123 146 5.176924828337281
087.jpg 309 303 334 353 5.009718996036295
088.jpg 353 192 378 243 5.95966873567879
088.jpg 128 20 160 84 5.0701118091704895
089.jpg 444 135 468 183 5.282621338020441
089.jpg 236 196 268 260 5.154671589346719
090.jpg 285 105 345 225 5.651121395289708
091.jpg 390 102 414 150 5.0799590784004955
091.jpg 250 172 278 229 5.026843500786132
092.jpg 320 133 426 346 6.8793413255387925
092.jpg 290 270 330 350 5.098952345246232
093.jpg 263 143 300 216 5.815850099347989
093.jpg 218 148 247 204 5.455162052761958
093.jpg 184 170 221 244 5.369146011556131
093.jpg 261 43 349 218 5.340431944399102
093.jpg 365 250 405 330 5.103714584025864
093.jpg 221 46 295 193 5.078347914999226
095.jpg 307 191 337 251 6.163447051548928
095.jpg 258 170 309 271 5.299904794408485
095.jpg 288 126 336 222 5.102558621566441
096.jpg 291 117 315 165 6.035130334100952
096.jpg 277 274 300 320 5.232528494266695
097.jpg 68 40 100 104 6.507419920912088
097.jpg 156 30 183 83 5.394930200081188
098.jpg 164 224 189 274 5.595832678511485
098.jpg 237 174 261 222 5.479541935311238
098.jpg 246 114 270 162 5.273138590376682
098.jpg 204 90 252 186 5.065236739979719
099.jpg 360 90 386 143 5.354175996203416
099.jpg 390 48 438 144 5.059376004986376
100.jpg 336 86 363 140 6.45262231884438
100.jpg 368 128 437 265 6.007922876948513
100.jpg 86 160 140 266 5.729030515471532
100.jpg 100 131 122 177 5.517192564867074
100.jpg 348 138 372 186 5.3313396668251265
100.jpg 234 141 278 229 5.189385617953754
101.jpg 165 25 205 105 6.51437901308557
101.jpg 206 71 236 131 6.133700451395995
101.jpg 144 63 172 120 5.780574793016413
101.jpg 213 26 243 86 5.539214546322466
101.jpg 171 240 194 285 5.416192763434179
101.jpg 144 168 192 264 5.274806006393511
105.jpg 108 112 138 172 5.549569288281134
105.jpg 333 106 440 320 5.033963612384529
106.jpg 158 190 187 247 5.386068618581735
106.jpg 337 174 360 220 5.128489910577121
107.jpg 129 106 166 180 6.163392395538063
110.jpg 362 277 385 322 5.6743304641529075
111.jpg 360 80 413 186 6.359901919089387
111.jpg 160 120 240 280 6.044765505875112
111.jpg 411 180 434 225 5.742656612686297
111.jpg 63 276 90 330 5.57157144266818
111.jpg 272 65 359 239 5.48203388051008
111.jpg 265 235 305 315 5.250892793792433
111.jpg 148 165 171 211 5.245968921183916
111.jpg 78 90 102 138 5.079870244971431
112.jpg 128 167 162 235 6.644081069095737
112.jpg 63 136 90 190 6.432805197911012
112.jpg 204 228 236 292 5.841805764478796
112.jpg 157 260 180 305 5.37759273856004
112.jpg 240 225 300 345 5.365782430449947
113.jpg 120 105 240 345 6.590034629064693
113.jpg 204 12 300 204 6.540647275692489
113.jpg 262 176 292 236 5.69003770042637
114.jpg 171 270 195 318 6.284961402888504
114.jpg 316 267 359 354 5.1258308984460506
114.jpg 214 192 240 243 5.0761744223222784
114.jpg 236 214 262 265 5.054926171667434
115.jpg 271 278 300 335 5.920045173585924
115.jpg 352 40 416 168 5.222706171931154
116.jpg 325 135 365 215 6.7224146789096615
116.jpg 143 124 180 198 6.379957414929798
116.jpg 402 138 426 186 6.2287970668592525
116.jpg 280 133 386 346 6.204528229863909
116.jpg 68 17 205 291 5.570089674056307
116.jpg 200 220 232 284 5.399030378299514
116.jpg 222 180 245 225 5.342816674115326
118.jpg 236 45 266 105 5.53971456212145
118.jpg 170 40 250 200 5.48057006328531
118.jpg 248 60 317 197 5.166034742334441
121.jpg 295 270 335 350 6.402409252679577
121.jpg 318 252 366 348 6.082782519667688
121.jpg 65 21 152 196 5.899722363261111
121.jpg 353 186 406 293 5.344348081437051
121.jpg 154 183 180 233 5.237690149169753
121.jpg 66 93 173 306 5.177212919452735
121.jpg 137 17 274 291 5.139358830479367
122.jpg 240 96 304 224 6.803605887867452
122.jpg 300 130 340 210 5.456399505934044
123.jpg 213 177 237 225 6.366862993356879
123.jpg 254 140 277 185 5.616382447166412
123.jpg 228 234 251 280 5.59297884077241
123.jpg 257 229 285 285 5.443773107999101
123.jpg 210 252 258 348 5.114992111864403
124.jpg 253 138 290 212 6.146871324983287
124.jpg 42 309 66 357 5.020865422720053
124.jpg 216 108 248 172 5.005713976000381
125.jpg 109 147 152 234 6.572043796437363
125.jpg 30 13 56 66 5.325600112437648
125.jpg 127 112 183 225 5.297326791090885
125.jpg 30 90 110 250 5.202754716465481
126.jpg 207 76 250 163 7.806066888000107
126.jpg 357 66 381 114 7.707183657652042
126.jpg 381 208 409 264 7.537929255155628
126.jpg 368 167 402 235 7.435360388146286
126.jpg 363 104 388 154 7.109036131110489
126.jpg 336 72 368 136 7.064558362515012
126.jpg 344 108 376 172 6.662554370396087
126.jpg 6 233 33 286 6.4938696520070565
126.jpg 342 265 377 334 6.480108381840381
126.jpg 180 20 340 340 6.17962888472821
126.jpg 328 148 360 212 6.0171907903883834
126.jpg 141 51 175 120 5.856018968321948
126.jpg 375 141 399 189 5.495085585842688
126.jpg 0 207 24 255 5.10736820069201
126.jpg 429 273 453 321 5.0368886092464
127.jpg 186 176 213 230 6.66612612511296
127.jpg 429 105 453 153 6.535627255773296
127.jpg 263 160 290 213 6.439945358430936
129.jpg 0 60 80 220 7.681772236799379
129.jpg 205 100 245 180 7.106597263758633
129.jpg 331 243 356 293 6.908823584593378
129.jpg 381 204 437 317 6.800733077757528
129.jpg 366 183 393 236 5.596185585397924
130.jpg 138 300 164 350 6.4111515992928325
130.jpg 46 161 83 235 6.067016447831389
130.jpg 110 267 147 341 5.96771560235509
130.jpg 150 261 174 309 5.722009264017041
131.jpg 336 114 384 210 8.007944736217752
131.jpg 116 163 143 216 5.850001092686476
132.jpg 88 137 116 194 6.3904060603832065
132.jpg 81 194 109 250 5.591149246564909
132.jpg 282 262 305 308 5.093251200365366
133.jpg 256 96 320 224 5.86149732061509
133.jpg 233 101 258 151 5.0589811526194595
134.jpg 65 250 105 330 7.078213007492838
134.jpg 252 249 277 300 5.150802835627925
135.jpg 64 144 96 208 7.43272834375075
135.jpg 132 36 156 84 6.842111819235601
135.jpg 69 72 93 120 6.428019647004948
135.jpg 36 36 132 228 6.153010223815134
135.jpg 0 170 80 330 5.8702124634798185
135.jpg 15 7 45 67 5.35218936766587
135.jpg 83 213 110 266 5.2800764024573095
135.jpg 104 232 136 296 5.153422446697903
136.jpg 246 162 294 258 6.21199084067139
136.jpg 102 6 150 102 5.295267855188353
138.jpg 126 146 153 200 5.121680152563243
139.jpg 368 102 437 240 7.325139442357827
139.jpg 78 138 126 234 5.344531164895617
140.jpg 126 161 151 211 6.254411805767029
140.jpg 195 69 221 120 5.783368249495961
141.jpg 343 256 387 343 7.539212704117304
141.jpg 307 217 367 337 5.421780206444501
141.jpg 253 53 360 266 5.185738185465105
144.jpg 297 54 321 102 6.073985203758502
144.jpg 211 217 236 268 5.366035276457357
144.jpg 385 6 435 107 5.139391325905329
146.jpg 108 237 131 282 5.958567736810302
146.jpg 111 182 134 228 5.62010896010403
146.jpg 236 64 268 128 5.5985174187581315
146.jpg 120 198 150 258 5.19030013743382
147.jpg 230 255 270 335 7.060178296617785
147.jpg 375 75 415 155 5.940018116348771
147.jpg 356 224 388 288 5.869684889331575
147.jpg 268 300 293 350 5.787173668377639
147.jpg 338 257 372 325 5.485864743146685
147.jpg 351 66 375 114 5.480973123291568
147.jpg 264 120 360 312 5.270575721173159
147.jpg 160 190 200 270 5.233429145737528
147.jpg 192 175 227 244 5.005762672386465
148.jpg 294 141 381 316 6.621999006690675
149.jpg 222 21 246 69 7.347129935505944
149.jpg 117 57 140 102 6.553038723346198
149.jpg 84 140 116 204 6.183903477690162
149.jpg 78 97 108 157 5.967505207321315
149.jpg 120 206 146 260 5.485727011783627
149.jpg 414 248 437 294 5.479520429871325
149.jpg 141 218 169 275 5.296908749984002
150.jpg 195 180 235 260 6.183015781193873
150.jpg 222 94 257 162 5.08325004370227
151.jpg 38 107 72 175 5.684756865739573
152.jpg 349 144 377 201 5.780551584788373
152.jpg 147 73 184 147 5.535548122986254
152.jpg 391 137 420 194 5.270551488808996
153.jpg 117 135 141 183 6.214294500467272
153.jpg 94 151 117 197 5.669023865284837
154.jpg 380 116 412 180 6.285445844383297
155.jpg 334 183 360 233 6.743516597060591
155.jpg 377 120 445 257 5.87985757252714
155.jpg 331 183 388 296 5.5222486743723245
155.jpg 356 135 386 195 5.393156656527504
156.jpg 285 225 308 271 6.423590947538667
156.jpg 378 85 404 135 6.210888301616247
156.jpg 262 6 287 56 5.9976936074555205
156.jpg 420 80 452 144 5.898107167379399
156.jpg 184 8 216 72 5.54611622338237
156.jpg 402 85 437 154 5.5404168839002885
156.jpg 175 106 212 180 5.103039019711744
157.jpg 105 91 128 137 5.935384704416075
157.jpg 273 220 300 273 5.795474483275704
157.jpg 138 170 164 221 5.308977550769773
157.jpg 165 154 188 200 5.301951417594061
157.jpg 184 107 218 175 5.1261030101440745
158.jpg 253 203 290 276 6.487564287965544
158.jpg 214 227 240 277 5.79750061682067
158.jpg 280 251 302 297 5.605535173607176
158.jpg 360 215 400 295 5.239684087554743
159.jpg 83 175 156 323 6.402604422619255
159.jpg 138 147 212 295 6.369492015139489
159.jpg 318 228 366 324 5.52167183901315
159.jpg 352 204 409 317 5.346634451565759
159.jpg 264 150 312 246 5.299184124735007
159.jpg 30 210 90 330 5.022674886350295
160.jpg 267 120 304 193 8.321064779253614
160.jpg 174 114 218 201 6.061595266251395
160.jpg 364 192 398 261 5.510814158369357
160.jpg 153 166 180 220 5.374410626041138
160.jpg 396 140 428 204 5.334567873353269
160.jpg 76 296 103 350 5.179915084682445
161.jpg 345 201 374 257 5.441442143458728
162.jpg 145 113 195 214 6.2065755970453615
163.jpg 420 202 442 248 7.509820735811257
163.jpg 360 192 424 320 6.448966333677941
164.jpg 168 168 191 214 5.00745318076369
165.jpg 90 291 114 339 5.412888016937838
165.jpg 267 65 310 152 5.282723031918797
165.jpg 276 152 313 226 5.22604826903088
165.jpg 295 92 332 166 5.1905782734400425
165.jpg 220 73 273 180 5.08978339054152
166.jpg 108 108 156 204 5.298649163926033
166.jpg 130 223 174 310 5.10536174890067
168.jpg 250 87 338 261 8.263684434188388
168.jpg 246 252 270 300 7.149499500222522
168.jpg 268 249 293 300 7.026525852785181
168.jpg 96 120 160 248 6.816426383886629
168.jpg 297 252 321 300 6.215323345826736
168.jpg 67 148 95 204 6.188716965640722
168.jpg 162 120 231 257 5.881880941569522
168.jpg 45 82 105 202 5.741167915837067
169.jpg 138 157 189 258 5.257417005644818
169.jpg 234 42 282 138 5.144806960928353
170.jpg 83 166 156 313 7.405603211781997
170.jpg 222 17 360 291 6.462497041312819
170.jpg 15 120 75 240 5.859992370133684
170.jpg 8 80 31 125 5.670371010333753
170.jpg 321 279 345 327 5.3635425200985
170.jpg 78 293 104 344 5.3037763845613455
170.jpg 378 81 402 129 5.143192687193574
171.jpg 73 216 100 270 5.283372014549235
171.jpg 366 213 390 261 5.216698629335125
172.jpg 46 156 120 304 8.868658087557026
172.jpg 340 156 372 220 5.513612310909819
173.jpg 164 15 189 66 7.2241731253946355
173.jpg 183 85 208 135 6.711206755706172
173.jpg 271 211 300 268 6.613072765922855
173.jpg 213 99 237 147 5.617835900708226
173.jpg 192 98 227 167 5.4417458055087256
173.jpg 106 69 143 143 5.352755368442047
174.jpg 372 90 396 138 5.049302028290997
175.jpg 270 285 294 333 5.471739263721723
175.jpg 321 219 345 267 5.196042244991991
176.jpg 420 72 454 141 5.97464126965191
176.jpg 307 56 337 116 5.810624939582098
176.jpg 113 106 166 213 5.508198031043461
176.jpg 0 133 106 346 5.0866988067533505
177.jpg 200 233 226 286 7.180307538256354
177.jpg 197 127 254 240 7.03388991758311
177.jpg 258 180 288 240 6.58207790418793
177.jpg 268 134 291 180 5.864481746815869
177.jpg 280 217 302 262 5.622308651899111
177.jpg 120 66 226 280 5.400845195107086
177.jpg 264 96 328 224 5.202176661300076
179.jpg 42 244 77 312 5.143512030205997
180.jpg 41 206 71 266 5.768785132240819
180.jpg 66 180 114 276 5.445912777877098
180.jpg 230 193 304 341 5.28169892559295
181.jpg 219 237 243 285 5.793476305008797
181.jpg 17 231 51 300 5.3416015786480795
181.jpg 193 147 230 221 5.3415539108388295
182.jpg 180 90 220 170 6.248436698228794
182.jpg 48 108 144 300 5.819243585320905
182.jpg 276 150 303 203 5.326007177763358
182.jpg 142 214 167 265 5.206681349971857
183.jpg 398 103 441 190 6.3640007346891885
183.jpg 114 141 138 189 5.3670168093050385
183.jpg 403 147 447 234 5.153667157410393
184.jpg 272 100 304 164 6.3899654600205515
184.jpg 137 120 205 257 6.029853659378766
185.jpg 120 96 156 170 5.778755052674395
185.jpg 65 130 109 218 5.195356993151481
185.jpg 345 197 402 310 5.033090179999689
186.jpg 100 152 132 216 6.435852666043257
186.jpg 109 163 196 338 5.8973242688613166
186.jpg 340 120 372 184 5.637861525470068
186.jpg 276 60 372 252 5.147237711209934
187.jpg 112 88 144 152 6.886961093015405
187.jpg 152 28 184 92 5.737324949104524
189.jpg 220 168 242 214 7.409570369767668
190.jpg 34 77 57 122 5.372249889657057
190.jpg 260 280 282 325 5.329694452216339
191.jpg 296 190 323 243 7.943117523190558
191.jpg 50 230 87 304 7.438938544837612
191.jpg 150 235 190 315 7.169171913671562
191.jpg 51 287 85 355 6.883820922810244
191.jpg 23 276 60 350 6.650858311537551
191.jpg 28 225 56 282 6.011931807524565
191.jpg 106 33 133 86 5.808456892859157
191.jpg 36 175 73 249 5.742829823929005
191.jpg 12 180 36 228 5.024481671197689
193.jpg 290 82 341 183 5.697942500286521
193.jpg 96 138 120 186 5.434743560965382
194.jpg 101 151 126 202 6.361323167238497
194.jpg 94 188 117 234 6.1472013572816095
194.jpg 133 233 186 340 5.872363014202987
194.jpg 90 10 170 170 5.781364943099884
194.jpg 330 206 360 266 5.379024021428059
194.jpg 352 152 384 216 5.0066440812778
195.jpg 205 55 245 135 5.684250171818993
197.jpg 40 120 93 226 6.005583418951446
197.jpg 130 155 158 211 5.822921300489046
197.jpg 352 200 416 328 5.52610266794407
197.jpg 93 213 120 266 5.284671095069919
197.jpg 267 156 304 230 5.247371000807011
197.jpg 52 211 81 268 5.088227665946514
198.jpg 420 136 446 190 5.9174339707341925
198.jpg 157 41 187 101 5.910526010750207
198.jpg 158 115 192 184 5.43006644623607
199.jpg 16 216 43 270 6.160341065238658
199.jpg 341 147 415 295 5.837120606469201
199.jpg 312 145 337 195 5.585285893936172
199.jpg 274 137 342 274 5.435882012164038
199.jpg 117 138 141 186 5.3467149857308875
199.jpg 102 100 125 145 5.307969635432563
199.jpg 440 228 462 274 5.233035446964994
199.jpg 83 69 120 143 5.078033448401946
199.jpg 180 247 210 307 5.0144383286076195
200.jpg 120 75 145 126 6.66760579001825
200.jpg 180 87 204 135 6.486555056192724
200.jpg 250 196 276 250 5.139905826153868
