002.jpg 115 212 213 261 7.453518257098054
002.jpg 310 95 416 148 5.837565146573123
002.jpg 180 175 286 228 5.669376797871578
002.jpg 90 70 303 176 5.37350292291087
003.jpg 97 142 257 222 6.841324312109663
003.jpg 125 261 241 320 6.0090206796565155
003.jpg 115 227 207 272 5.702459237806366
004.jpg 365 265 471 318 5.813121133043602
004.jpg 289 158 405 216 5.65332901116334
005.jpg 123 172 203 212 5.147391404367063
007.jpg 105 30 425 190 6.710093931808466
008.jpg 210 195 290 235 6.186869373648221
008.jpg 15 30 335 190 5.387274883450658
009.jpg 127 153 207 193 6.108057350204771
009.jpg 96 170 195 220 5.134135027056029
010.jpg 60 90 380 250 6.172761744468083
011.jpg 55 152 153 201 5.801585828254307
013.jpg 308 32 393 74 5.194156626733463
014.jpg 180 90 308 154 5.743026787353841
017.jpg 320 220 462 291 5.06031784620756
019.jpg 157 195 317 275 6.586200683275884
019.jpg 213 106 355 177 5.494515446531011
020.jpg 290 155 396 208 5.47230364524124
021.jpg 70 200 283 306 6.451800841020745
021.jpg 115 287 207 332 5.791330883186628
024.jpg 129 249 227 298 6.594825417626737
024.jpg 328 236 413 278 6.454209199367998
024.jpg 120 84 376 212 5.232454901844619
025.jpg 105 135 425 295 5.812729412951626
026.jpg 78 226 176 275 6.23529623583039
026.jpg 103 76 219 134 5.157376429607087
026.jpg 292 128 377 170 5.07360580147197
027.jpg 75 275 181 328 5.069988396706673
029.jpg 150 100 363 206 5.533166331564871
030.jpg 207 87 306 136 5.410965907988604
032.jpg 105 220 211 273 6.6430466521598355
032.jpg 32 136 149 194 5.659900884332142
033.jpg 128 90 220 135 6.365683597808641
034.jpg 40 140 466 353 5.536321533624903
035.jpg 210 167 301 212 5.235322176426017
036.jpg 346 221 444 270 5.638204758931202
036.jpg 204 126 332 190 5.074467980805423
037.jpg 126 220 268 291 5.31486778748895
038.jpg 60 90 380 250 6.268226193179871
038.jpg 332 60 430 109 5.510949225322907
041.jpg 145 81 237 127 5.187892829659042
043.jpg 295 115 393 164 6.279821033039923
043.jpg 307 78 387 118 5.087868852306688
044.jpg 154 72 245 118 5.303592401019891
046.jpg 132 120 260 184 6.388477586443994
046.jpg 144 96 400 224 5.521248257611017
048.jpg 360 176 440 216 5.401550697856653
049.jpg 188 176 273 218 6.464897465589036
049.jpg 200 226 342 297 5.144866826422678
050.jpg 170 90 276 143 5.545854592265101
051.jpg 356 120 436 160 6.2243745265947865
053.jpg 172 60 332 140 5.583953009071166
054.jpg 184 235 275 281 5.474787099755037
055.jpg 67 120 227 200 5.804687630401872
055.jpg 245 185 351 238 5.369651983157684
056.jpg 73 80 215 151 5.579739865457068
056.jpg 201 188 292 234 5.243805326396522
057.jpg 295 92 393 141 6.403683623340179
057.jpg 7 3 87 43 6.055951788571111
058.jpg 10 230 223 336 6.454225663433242
058.jpg 253 161 352 210 5.125354962656566
059.jpg 45 165 365 325 6.2615214321255905
059.jpg 60 30 380 190 5.54936241170121
061.jpg 71 41 151 81 5.3489270554529185
061.jpg 216 90 344 154 5.218401788982227
062.jpg 295 75 401 128 5.7008534766897725
062.jpg 240 127 400 207 5.051536096501074
063.jpg 192 54 320 118 5.809419250566325
063.jpg 327 198 426 247 5.095351456628062
064.jpg 265 154 357 200 5.370144958662266
065.jpg 86 198 166 238 5.0554816222096655
066.jpg 150 82 230 122 6.046373569620936
066.jpg 220 200 305 242 5.522483556958122
067.jpg 81 267 198 325 7.179201796111371
068.jpg 130 130 343 236 5.160495926135191
070.jpg 257 287 348 332 5.281585637548936
070.jpg 70 278 187 336 5.064473439294325
071.jpg 0 150 213 256 5.883646226528285
071.jpg 264 124 349 166 5.04352807050293
074.jpg 145 235 237 281 5.0367730667758295
075.jpg 142 82 302 162 5.800896580232465
076.jpg 120 200 333 306 5.327252544459121
078.jpg 54 59 170 118 6.864241107328802
078.jpg 158 132 250 178 5.005201567807099
079.jpg 318 18 398 58 6.078563484712205
080.jpg 198 263 296 312 5.346357527520357
082.jpg 276 144 361 186 7.130104153639746
082.jpg 3 120 83 160 5.5537974459521
084.jpg 60 100 202 171 7.40021312546153
085.jpg 190 109 307 167 5.2358368221692615
085.jpg 183 292 263 332 5.179794795883048
087.jpg 340 244 425 286 6.483545515109199
087.jpg 92 43 209 101 5.434522512746867
090.jpg 126 106 268 177 6.677413582475232
093.jpg 30 170 243 276 5.674409153927144
094.jpg 110 130 323 236 6.182057558562512
094.jpg 6 60 134 124 5.460677988498766
094.jpg 156 48 412 176 5.189100698205198
095.jpg 0 207 116 265 5.6383740875971
096.jpg 83 180 181 229 6.762895557931074
096.jpg 160 170 373 276 5.0982836157561735
097.jpg 180 96 436 224 7.93277067935956
097.jpg 228 67 308 107 6.880831203047535
097.jpg 232 276 317 318 6.854456160765544
097.jpg 120 285 226 338 6.491709490610138
098.jpg 236 152 321 194 5.13553700547412
103.jpg 240 148 325 190 6.183321846272271
104.jpg 150 60 310 140 6.68703853982586
106.jpg 187 172 347 252 5.412325322322982
106.jpg 192 231 284 277 5.2314744986011235
107.jpg 252 218 344 264 5.062197692281742
108.jpg 220 40 362 111 7.330609473933279
110.jpg 107 231 198 277 5.778053251511672
112.jpg 48 282 176 346 6.573410501430224
112.jpg 306 216 434 280 6.4982618334588835
113.jpg 320 226 462 297 5.553606112600043
118.jpg 270 230 376 283 5.973078929601066
118.jpg 170 130 383 236 5.724848275907664
118.jpg 82 221 162 261 5.432678604146325
120.jpg 220 235 326 288 6.018507738054588
120.jpg 180 84 436 212 5.871198176083059
121.jpg 355 190 461 243 5.9700198923101055
121.jpg 156 23 255 72 5.742101706446505
122.jpg 175 197 267 242 5.008413199339685
123.jpg 40 100 253 206 5.397150119434443
123.jpg 116 192 201 234 5.082501609851839
124.jpg 187 240 347 320 6.054761664317162
125.jpg 120 198 248 262 6.017907995327398
125.jpg 105 105 425 265 5.524627220506396
126.jpg 260 250 473 356 5.551913128166781
127.jpg 150 37 310 117 5.956697053514986
129.jpg 85 185 191 238 5.773990512726236
129.jpg 127 251 207 291 5.072896220568012
130.jpg 264 124 349 166 5.555155856152339
131.jpg 102 274 194 320 5.233618963632949
132.jpg 82 75 242 155 5.9646478180684745
132.jpg 116 144 201 186 5.621394475785678
132.jpg 165 245 271 298 5.053530068964086
133.jpg 36 208 121 250 5.29333596746288
134.jpg 197 94 288 140 5.153016642467158
134.jpg 158 234 274 292 5.052944401592082
135.jpg 249 272 347 321 6.314820647509126
135.jpg 300 6 428 70 5.296713008920264
135.jpg 234 120 362 184 5.114855555954726
135.jpg 371 285 451 325 5.083072708633978
136.jpg 80 90 293 196 5.676553498839883
137.jpg 300 265 391 311 7.126488775702523
137.jpg 103 114 219 172 6.99501914650407
137.jpg 30 135 350 295 6.939660094542049
137.jpg 142 90 302 170 5.923796525877208
137.jpg 50 250 263 356 5.570924411837048
138.jpg 190 220 403 326 6.5221740591663995
138.jpg 166 175 264 224 6.4734458778473325
138.jpg 355 145 447 191 5.693623315984279
138.jpg 270 137 361 182 5.366213615069597
141.jpg 282 30 410 94 5.879898741910523
141.jpg 55 78 153 127 5.05509332940094
143.jpg 108 96 236 160 5.983348591886013
143.jpg 90 135 410 295 5.651789047966478
146.jpg 220 80 433 186 5.705300944637553
148.jpg 108 180 364 308 5.958163962793684
149.jpg 333 140 475 211 6.01729378879989
151.jpg 40 40 466 253 5.6005989069029525
152.jpg 220 230 433 336 6.343115344726499
153.jpg 15 37 175 117 6.869721028565518
154.jpg 144 108 400 236 5.789006530329189
154.jpg 258 72 386 136 5.109298796157169
156.jpg 156 72 412 200 6.393705185249278
157.jpg 25 248 117 294 5.713421220488733
157.jpg 105 243 185 283 5.2795773120497955
160.jpg 180 220 322 291 5.171931397974603
160.jpg 150 198 230 238 5.00300724930203
161.jpg 133 143 232 192 5.789488422259865
162.jpg 94 167 185 212 6.9809769555794645
162.jpg 15 75 335 235 5.060264942457231
162.jpg 265 34 357 80 5.019616331189603
163.jpg 165 120 325 200 6.317658233947743
165.jpg 24 60 280 188 6.54740612247064
166.jpg 157 153 237 193 5.773363122196393
166.jpg 86 86 228 157 5.569674176959417
166.jpg 60 161 158 210 5.218977091526128
167.jpg 154 180 245 225 6.399736917633202
167.jpg 273 187 353 227 5.919162664918641
168.jpg 144 76 229 118 5.580757954515338
170.jpg 50 105 156 158 5.190608951356044
173.jpg 210 282 301 328 5.947354528667592
174.jpg 160 213 302 284 6.143774809522387
176.jpg 255 243 335 283 5.822523196565548
176.jpg 320 188 405 230 5.420799084728987
176.jpg 40 20 466 233 5.14752479456617
177.jpg 153 3 233 43 6.723729230693255
180.jpg 15 105 335 265 5.679374818459923
181.jpg 300 47 391 92 5.2215508244363384
185.jpg 60 120 380 280 6.922804399496883
188.jpg 240 45 400 125 6.549276261103383
188.jpg 6 86 148 157 5.189417743470926
190.jpg 30 155 136 208 6.476611569538861
190.jpg 216 108 472 236 5.535395300044769
191.jpg 97 176 177 216 6.167615812024472
192.jpg 78 102 206 166 5.413608800505401
194.jpg 336 188 421 230 5.9809985551868685
197.jpg 345 228 425 268 5.18283690964612
197.jpg 246 60 388 131 5.053017196272826
199.jpg 285 232 445 312 5.615924809178765
199.jpg 128 218 220 264 5.543810168551076
200.jpg 217 90 377 170 7.122461910779073
