001.jpg 17 240 85 274 6.725856370145356
001.jpg 73 133 147 170 5.693942831707961
001.jpg 36 221 110 258 5.397188869981125
001.jpg 76 252 140 284 5.3422032778998805
001.jpg 97 161 157 191 5.247496771859064
002.jpg 119 212 207 256 6.2347583639406885
002.jpg 331 74 377 97 5.9407814380980355
002.jpg 309 94 410 145 5.73267035952021
002.jpg 216 52 280 84 5.610904631376206
002.jpg 273 130 326 156 5.5900431674651525
002.jpg 234 102 330 150 5.4389433153031845
002.jpg 119 54 294 141 5.434859590100498
002.jpg 150 140 230 180 5.366088062375466
002.jpg 414 333 462 357 5.236951486976695
003.jpg 72 216 264 312 7.09625998021197
003.jpg 138 151 240 202 6.432091234425501
004.jpg 290 145 391 195 6.470888385690552
004.jpg 165 120 405 240 5.784461475177132
004.jpg 33 173 86 200 5.345909517739043
004.jpg 390 260 470 300 5.229982512797317
006.jpg 270 216 366 264 5.637450973872673
006.jpg 168 36 360 132 5.319052149447634
006.jpg 276 186 330 213 5.247878872644318
007.jpg 100 60 420 220 8.183119371878394
007.jpg 280 240 440 320 5.533601789101809
008.jpg 374 111 420 134 6.6264400874561815
008.jpg 140 110 300 190 6.272892212407182
008.jpg 105 30 345 150 5.959769740582157
008.jpg 180 180 286 233 5.787299502017577
008.jpg 52 160 116 192 5.072454375179259
009.jpg 98 176 155 204 6.938180321137736
009.jpg 83 138 230 212 6.168211824781396
009.jpg 212 124 276 156 5.665035753688288
009.jpg 360 69 410 94 5.200235635750932
009.jpg 385 318 435 344 5.022868938761782
010.jpg 120 105 360 225 6.157896636996496
011.jpg 65 152 152 196 7.158333469021025
011.jpg 63 183 116 210 5.501596531483491
011.jpg 375 208 426 233 5.493829881838231
011.jpg 288 183 348 213 5.266506867875901
011.jpg 222 120 291 154 5.084654337814868
011.jpg 228 96 420 192 5.035469711566757
012.jpg 226 146 280 173 6.073387439266842
013.jpg 274 60 320 82 6.569661191932205
013.jpg 322 41 382 71 5.555471229911866
013.jpg 113 210 166 236 5.429321544743754
014.jpg 135 30 375 150 5.350945644492139
015.jpg 240 197 285 220 6.120381513488265
015.jpg 347 75 397 101 6.023134896295936
015.jpg 213 286 320 340 5.921264918011218
015.jpg 245 180 291 202 5.2142072317770065
016.jpg 282 190 338 218 5.88422723057111
016.jpg 156 168 252 216 5.832461897051246
016.jpg 240 123 290 148 5.559416134783863
016.jpg 273 286 380 340 5.440433594559771
016.jpg 208 126 258 151 5.411108319032547
016.jpg 179 261 267 305 5.137649753039778
016.jpg 226 200 280 226 5.06704003303205
016.jpg 260 150 313 176 5.023599596470408
017.jpg 128 72 197 107 5.657881106165197
018.jpg 0 196 174 283 5.944991746180943
019.jpg 192 208 320 272 6.426236655536179
019.jpg 150 213 203 240 5.8670684209452695
020.jpg 195 150 435 270 6.385970967328298
020.jpg 60 151 110 176 5.651893510387314
020.jpg 237 30 285 54 5.476053986059114
020.jpg 48 48 432 240 5.4558180134392735
021.jpg 100 280 164 312 6.630048280026738
021.jpg 189 267 237 291 6.480329755742574
021.jpg 7 285 67 315 6.238177960640801
021.jpg 134 257 180 280 6.210379880493001
021.jpg 110 193 258 267 5.994728249284668
021.jpg 73 246 180 300 5.634782209102912
021.jpg 240 60 432 156 5.555550718773555
021.jpg 120 282 216 330 5.091218041716861
022.jpg 342 219 390 243 5.623825317872361
022.jpg 265 126 366 176 5.080684174628894
023.jpg 170 64 244 101 5.552127802227613
023.jpg 156 216 204 240 5.2391913270841
023.jpg 132 240 324 336 5.0566013856015815
023.jpg 207 41 281 78 5.053491388833832
024.jpg 105 75 345 195 6.116218468224318
024.jpg 126 240 227 290 5.338587879018622
024.jpg 100 180 420 340 5.120518245048775
025.jpg 120 154 394 291 6.235995387068467
026.jpg 170 240 250 280 6.907525575666133
026.jpg 120 91 232 148 6.311909891826419
026.jpg 326 153 380 180 6.047856087616566
026.jpg 123 145 173 170 5.750167045181337
026.jpg 154 102 428 240 5.624872161996134
027.jpg 100 225 180 265 6.68686225099615
027.jpg 100 20 420 180 5.3134371486999665
027.jpg 70 324 127 352 5.0427967030356164
028.jpg 268 334 314 357 6.131805689958499
028.jpg 186 150 282 198 5.52276838912795
028.jpg 101 157 161 187 5.400001220145066
030.jpg 184 88 312 152 6.287464955809064
032.jpg 105 225 162 254 7.118645523279849
032.jpg 85 222 222 291 7.087848670538666
032.jpg 44 138 145 189 6.628643708417801
032.jpg 116 193 170 220 5.4938029936996156
032.jpg 200 271 245 294 5.191154667001262
033.jpg 126 90 222 138 6.069078932341867
033.jpg 296 240 409 296 5.319187708105897
033.jpg 51 137 325 274 5.133267257546754
034.jpg 140 160 460 320 5.660648665013481
035.jpg 87 156 161 193 5.863096838504246
035.jpg 68 85 342 222 5.171969673842735
036.jpg 211 141 324 197 5.821357450926575
036.jpg 257 245 302 268 5.643287317723754
036.jpg 386 247 446 277 5.630825628860006
037.jpg 137 154 411 291 7.068524990646125
037.jpg 172 289 229 317 6.793911836769064
037.jpg 246 303 347 353 5.08455093432179
038.jpg 315 56 416 107 6.5217369631154565
038.jpg 48 72 432 264 6.501166869116933
038.jpg 160 213 373 320 6.249441295510977
038.jpg 356 285 412 314 5.621509370670637
038.jpg 323 240 470 313 5.113401328848088
039.jpg 297 222 345 246 5.735084480910736
040.jpg 211 255 262 281 6.211318894009684
041.jpg 320 128 365 151 6.5890836321875845
041.jpg 40 20 360 180 5.793467331269966
042.jpg 78 303 129 328 5.86631999131512
042.jpg 12 252 108 300 5.078381393290233
042.jpg 222 188 360 257 5.066921119100872
042.jpg 342 94 388 117 5.054017630682921
043.jpg 50 266 103 293 6.018102424714417
043.jpg 50 243 103 270 5.55369205468487
043.jpg 311 94 357 117 5.530135963918266
043.jpg 72 306 168 354 5.449927226395273
043.jpg 293 113 400 166 5.439419798464989
043.jpg 196 272 260 304 5.410067279428976
043.jpg 0 309 48 333 5.372281922490661
043.jpg 318 75 366 99 5.264517846147275
044.jpg 200 182 245 205 5.581804623979725
045.jpg 256 16 384 80 5.5894171692646
045.jpg 276 96 468 192 5.380500202029086
046.jpg 135 105 375 225 5.917648796999549
046.jpg 270 277 330 307 5.574964080967682
047.jpg 285 265 331 288 6.123024368391473
048.jpg 161 277 221 307 5.793775504636576
048.jpg 150 250 310 330 5.238012488513078
049.jpg 183 164 284 214 6.289954933731513
049.jpg 312 244 381 278 5.38456146530279
049.jpg 208 240 336 304 5.121596623143464
050.jpg 120 85 394 222 6.757362358830164
050.jpg 200 186 413 293 5.493439911700419
050.jpg 162 231 208 254 5.160885667196194
050.jpg 60 210 220 290 5.019021083254689
051.jpg 346 120 453 173 5.713049003746907
051.jpg 210 111 278 145 5.44304715429033
051.jpg 0 120 384 312 5.420062218026109
052.jpg 160 120 373 226 5.621148436751962
052.jpg 189 246 237 270 5.213094804985447
052.jpg 160 186 373 293 5.032052360039138
053.jpg 156 72 348 168 6.327783562142102
054.jpg 170 281 221 306 6.434723880206956
054.jpg 303 254 416 310 5.6999042589732305
054.jpg 141 102 189 126 5.451569130879719
054.jpg 156 204 204 228 5.212624397183593
054.jpg 207 261 255 285 5.1987190936391805
055.jpg 40 120 200 200 7.484666987229145
055.jpg 207 207 381 294 7.081573083252534
055.jpg 141 210 210 244 5.1321125488669495
056.jpg 120 80 226 133 6.196629923009871
057.jpg 290 173 343 200 7.334589145977629
057.jpg 48 24 432 216 5.991388664614844
058.jpg 160 200 320 280 6.005014691509498
058.jpg 43 229 218 316 5.742395281313403
058.jpg 314 322 360 345 5.5888616029209075
058.jpg 266 160 373 213 5.433805263057225
058.jpg 321 307 377 335 5.218256592686428
058.jpg 308 271 354 294 5.078697695983887
059.jpg 138 129 189 154 6.682434193078809
059.jpg 250 186 303 213 5.920935625548047
059.jpg 17 154 291 291 5.747304330605727
059.jpg 163 32 338 119 5.686982914339772
059.jpg 384 183 432 207 5.5517088762228735
059.jpg 210 165 450 285 5.154222980725644
060.jpg 180 170 340 250 6.002125831073194
061.jpg 280 177 325 200 6.57895699570107
061.jpg 204 218 261 247 6.36778640130175
061.jpg 69 27 143 64 5.982341257976353
061.jpg 100 80 420 240 5.916234736160895
061.jpg 365 285 411 308 5.2531717309648265
062.jpg 229 109 403 196 6.067589156508928
062.jpg 306 78 402 126 5.406204546608098
063.jpg 251 67 311 97 7.358276473123958
063.jpg 196 60 260 92 6.555021288078329
063.jpg 286 184 360 221 6.490571286596046
063.jpg 180 60 317 128 5.689022957884587
063.jpg 331 91 388 120 5.510290838008348
063.jpg 240 196 293 223 5.193605276967112
063.jpg 275 225 388 282 5.13849952093118
065.jpg 94 100 140 122 5.633909511734323
065.jpg 60 210 220 290 5.623669399184166
065.jpg 56 60 110 86 5.318697699655905
065.jpg 102 85 148 108 5.004170239304571
066.jpg 147 83 221 120 6.631250742382987
066.jpg 84 24 276 120 5.833138961723591
066.jpg 42 248 180 317 5.427749618596518
066.jpg 212 198 286 235 5.360176178381902
066.jpg 208 232 336 296 5.104562289942802
067.jpg 75 270 195 330 8.070217428319104
067.jpg 345 5 391 28 5.5558181644192075
067.jpg 372 42 420 66 5.14926459396116
067.jpg 317 222 454 291 5.109776365909157
068.jpg 120 133 333 240 6.168719385712931
070.jpg 60 240 252 336 6.702493455876693
070.jpg 251 217 297 240 6.160755485837321
070.jpg 192 228 384 324 6.037677248097621
070.jpg 356 101 416 131 5.428700313916057
071.jpg 211 296 262 322 6.1511961320688755
071.jpg 37 290 138 341 5.969562748881772
071.jpg 12 144 204 240 5.908826908094891
071.jpg 336 256 464 320 5.572180212339164
071.jpg 180 10 340 90 5.541205176272147
071.jpg 300 150 460 230 5.509338357883063
071.jpg 37 243 97 273 5.440188868494852
071.jpg 160 93 373 200 5.195512012332335
071.jpg 0 7 120 67 5.0321899145151185
072.jpg 244 166 318 203 5.577741460468282
074.jpg 281 287 331 312 5.596081318302369
074.jpg 220 217 265 240 5.020944268219422
075.jpg 141 76 316 163 5.938926700093717
076.jpg 138 162 234 210 6.338560374184139
076.jpg 130 207 305 294 5.738558301023874
078.jpg 52 60 172 120 6.745301983562058
078.jpg 72 72 456 264 5.8702396489064945
079.jpg 60 80 380 240 6.2590396974509375
079.jpg 184 27 332 101 6.092159318294227
080.jpg 255 312 306 337 5.901220200949053
080.jpg 271 328 328 356 5.583373764385964
080.jpg 312 60 360 84 5.4951692922660165
080.jpg 257 222 302 245 5.416673723322942
081.jpg 200 100 360 180 6.446929291999561
081.jpg 135 135 375 255 5.595388971776021
081.jpg 192 72 256 104 5.445481523808601
081.jpg 276 44 340 76 5.324156178424921
082.jpg 173 133 386 240 6.607059366462231
082.jpg 77 165 134 194 6.419083391870846
082.jpg 72 148 136 180 5.840728209414287
082.jpg 188 17 462 154 5.354637485263659
082.jpg 384 282 432 306 5.197863240728392
083.jpg 43 203 96 230 6.0497226442488135
083.jpg 36 249 184 323 5.521760183488052
083.jpg 94 214 140 237 5.290200515584775
084.jpg 64 104 192 168 7.548639115867621
084.jpg 294 198 390 246 5.262380592077797
084.jpg 170 166 223 193 5.139455020347199
085.jpg 212 114 300 158 5.94461237251215
085.jpg 192 197 261 231 5.351627726847955
085.jpg 137 205 411 342 5.161379289691064
087.jpg 340 245 420 285 5.77595884407385
087.jpg 150 93 210 123 5.203757731966274
088.jpg 170 126 223 153 6.036034901952977
088.jpg 148 22 198 47 5.914611984328726
088.jpg 120 36 312 132 5.799803776751872
088.jpg 230 133 283 160 5.03492614017404
089.jpg 11 214 57 237 5.462289684841309
090.jpg 105 135 225 195 6.756805814168779
090.jpg 394 248 440 271 6.1021335979080895
090.jpg 150 111 198 135 5.715516137404514
090.jpg 112 187 169 215 5.6347153718084595
090.jpg 60 83 133 120 5.584479817777467
091.jpg 281 306 331 331 5.110471416790862
091.jpg 255 245 335 285 5.006578514107181
092.jpg 228 326 288 356 6.024755582183358
093.jpg 394 321 462 355 6.1208240938709935
093.jpg 0 173 213 280 6.097459590934346
093.jpg 207 32 381 119 5.900629640442762
093.jpg 194 151 250 180 5.27914551596286
094.jpg 120 132 312 228 6.3935185394979435
094.jpg 239 196 414 283 6.369703185769472
094.jpg 6 66 113 120 6.08133613343499
095.jpg 240 146 300 176 5.28419358172985
095.jpg 296 52 352 81 5.259291407933381
095.jpg 294 273 342 297 5.056916284933958
096.jpg 83 180 156 216 6.955340111993653
096.jpg 291 148 337 171 5.830217204924679
096.jpg 102 154 377 291 5.265845240859404
097.jpg 171 85 445 222 7.245768090612669
097.jpg 105 282 218 338 7.191753535057359
097.jpg 230 280 310 320 5.245042548366781
097.jpg 66 213 280 320 5.017704728376421
098.jpg 165 202 285 262 5.469318023942801
098.jpg 270 176 330 206 5.366258317390855
098.jpg 63 172 123 202 5.12167224819107
098.jpg 239 152 327 196 5.093551048828903
099.jpg 152 152 216 184 5.435724870756596
100.jpg 114 300 160 322 6.032773503058021
100.jpg 86 306 140 333 5.56797138083725
100.jpg 382 234 428 257 5.497584009392678
100.jpg 106 226 320 333 5.3565223865434675
100.jpg 0 20 320 180 5.3280271973506075
100.jpg 228 195 288 225 5.242552263279196
101.jpg 152 87 226 124 5.270799555855332
101.jpg 135 214 186 240 5.0212899119001015
102.jpg 216 132 408 228 6.390730008091161
103.jpg 250 150 330 190 6.637226741699973
103.jpg 240 82 360 142 5.970004477733408
104.jpg 162 60 300 128 7.619107580951219
104.jpg 216 148 280 180 6.653850412366918
105.jpg 93 120 306 226 6.269000761817962
106.jpg 203 175 350 249 6.693275978887929
106.jpg 192 224 320 288 6.373196510437797
106.jpg 97 225 217 285 6.226694498497663
107.jpg 256 218 343 261 6.199517064324853
108.jpg 212 36 360 110 6.546555581091415
108.jpg 100 194 145 217 5.8718970875875875
108.jpg 338 247 451 303 5.266133761911966
108.jpg 141 27 229 70 5.050385020340048
109.jpg 168 120 360 216 6.486316041445669
110.jpg 120 228 216 276 7.04148865310267
110.jpg 0 80 320 240 5.905772188882958
111.jpg 324 232 437 289 5.782016622139071
111.jpg 110 156 184 193 5.6075841040109555
111.jpg 270 67 390 127 5.152517577060323
112.jpg 13 240 226 346 6.266506256131942
112.jpg 76 169 163 212 6.217751128217191
112.jpg 335 250 391 278 5.656166617941906
112.jpg 353 133 406 160 5.320293253762234
112.jpg 356 180 410 206 5.308640190315074
112.jpg 326 220 433 273 5.179329097007763
113.jpg 256 168 384 232 6.419888732096442
113.jpg 294 229 469 316 6.378856841080536
113.jpg 120 75 360 195 5.914557993915391
113.jpg 12 279 60 303 5.211339688686458
113.jpg 128 231 197 265 5.189109293083252
113.jpg 370 323 423 350 5.027790918568481
113.jpg 6 282 102 330 5.0175949521372125
114.jpg 144 192 240 240 6.442231065552113
116.jpg 321 49 409 92 5.194713200222283
116.jpg 360 185 440 225 5.127875760485066
117.jpg 197 197 334 265 5.847993607038255
118.jpg 172 164 236 196 6.304104569464988
118.jpg 180 132 372 228 6.128545538082657
118.jpg 150 225 390 345 6.1055082334873845
118.jpg 87 87 261 174 5.356450537177523
118.jpg 226 0 440 106 5.237264748156427
118.jpg 92 230 166 267 5.126337082190876
120.jpg 160 80 373 186 6.969832192801313
120.jpg 98 152 185 196 5.707310378424367
120.jpg 279 312 327 336 5.592265046175708
120.jpg 307 232 367 262 5.447704493943075
120.jpg 229 239 316 283 5.342291003625213
121.jpg 336 184 464 248 7.108085425920031
121.jpg 150 18 246 66 6.011504288987325
121.jpg 11 176 71 206 5.6686807130627805
121.jpg 88 57 134 80 5.599129727302099
121.jpg 195 75 243 99 5.504676119331286
121.jpg 261 111 309 135 5.5007801038522395
121.jpg 303 138 404 189 5.462005086194317
121.jpg 63 36 116 63 5.315806740368018
121.jpg 272 109 359 152 5.038752293754065
121.jpg 317 247 430 303 5.016253375618652
122.jpg 176 169 289 225 5.387930041392146
123.jpg 40 93 253 200 6.763811144998334
123.jpg 243 216 296 243 5.999957437353697
123.jpg 177 204 225 228 5.2763951022979505
123.jpg 245 334 291 357 5.036829410205705
123.jpg 256 72 384 136 5.022883908342358
124.jpg 240 180 300 210 5.946875385136435
124.jpg 190 240 350 320 5.561648638972878
125.jpg 141 196 316 283 6.4761470700241475
125.jpg 120 135 360 255 5.473530838606386
126.jpg 375 249 423 273 7.247744155224648
126.jpg 272 261 447 349 6.932968595989244
126.jpg 368 217 414 240 6.45638906454448
126.jpg 345 140 425 180 6.085597488915409
126.jpg 354 87 402 111 5.854699759723204
126.jpg 356 173 410 200 5.815295108500365
126.jpg 320 68 384 100 5.633825196798945
126.jpg 262 41 312 66 5.578764295074214
126.jpg 332 179 419 223 5.540672082867983
126.jpg 233 216 286 243 5.350944218837865
126.jpg 374 234 420 257 5.299769642434304
126.jpg 105 60 345 180 5.250141485605328
126.jpg 402 248 448 271 5.145073532606959
127.jpg 120 40 280 120 6.438821160823364
127.jpg 232 229 289 257 5.925061818790271
127.jpg 243 213 303 243 5.3000412851412335
127.jpg 33 260 140 313 5.206407783986899
128.jpg 303 108 351 132 6.075601368766616
128.jpg 91 271 142 296 5.627690804319048
129.jpg 105 195 345 315 6.460894398328808
130.jpg 41 304 115 341 6.351134345183972
130.jpg 81 243 137 271 6.041032534361605
130.jpg 63 288 111 312 6.015305780784171
130.jpg 246 126 342 174 5.968429112346167
130.jpg 134 141 247 197 5.751031477834992
130.jpg 34 51 308 188 5.363775457777525
130.jpg 265 211 315 236 5.278018808571808
130.jpg 120 120 394 257 5.172234341202946
131.jpg 324 244 388 276 5.4756408793408
131.jpg 96 256 224 320 5.259605556342068
132.jpg 112 82 232 142 6.184166123866177
132.jpg 69 157 120 183 5.905006993996469
132.jpg 45 165 285 285 5.760301865174608
132.jpg 124 145 192 180 5.234968755676924
133.jpg 402 276 450 300 5.437644873076621
133.jpg 211 74 268 102 5.329368207704643
133.jpg 140 28 185 51 5.245355336335521
134.jpg 137 102 411 240 6.439199109765655
134.jpg 160 240 266 293 5.594645030799317
135.jpg 281 123 341 153 6.834714004741455
135.jpg 229 130 403 218 6.410493643435881
135.jpg 252 265 353 315 6.029139626712283
135.jpg 154 51 428 188 5.928394012525958
135.jpg 305 200 385 240 5.739948531283492
135.jpg 317 0 454 68 5.529496587844417
135.jpg 0 120 50 145 5.471714274230083
135.jpg 124 227 192 261 5.1124111126422065
136.jpg 120 90 280 170 6.730534216415048
136.jpg 81 138 129 162 5.707259978333536
137.jpg 120 160 440 320 6.975863408545983
137.jpg 162 120 300 188 6.221232662553891
137.jpg 17 85 291 222 5.649914507096151
137.jpg 168 48 296 112 5.276911129280261
137.jpg 140 20 460 180 5.202705122685414
138.jpg 217 232 337 292 7.293767826405682
138.jpg 337 270 397 300 6.275630405831773
138.jpg 273 133 380 186 5.273815228307232
138.jpg 174 174 270 222 5.167226117199457
138.jpg 120 120 440 280 5.074020213138406
139.jpg 68 137 342 274 6.104466248111127
140.jpg 377 60 434 88 5.481693748545391
141.jpg 302 228 348 251 7.2346008730372855
141.jpg 366 96 414 120 6.542564894824601
141.jpg 302 91 348 114 6.156199426342612
141.jpg 56 75 157 126 6.141012585877803
141.jpg 68 52 132 84 5.071730749709934
143.jpg 100 140 420 300 6.942644608507395
143.jpg 126 100 233 153 5.738832062675218
144.jpg 200 66 413 173 5.4023326977773785
145.jpg 404 180 468 212 5.961791955868179
145.jpg 94 145 231 214 5.2988981358943
145.jpg 80 100 400 260 5.205287910520253
146.jpg 228 72 420 168 6.3379326888242336
146.jpg 126 224 176 249 5.6274271617795595
147.jpg 318 112 378 142 5.305398027089435
147.jpg 154 51 428 188 5.052777973136571
148.jpg 212 249 360 323 6.597297923513885
148.jpg 300 224 350 249 5.559531703568565
149.jpg 352 165 472 225 7.17637123049197
149.jpg 394 265 440 288 6.769370254200817
149.jpg 140 85 220 125 6.409395920192578
149.jpg 155 14 268 70 6.371416737315812
149.jpg 100 160 420 320 5.765877136182375
149.jpg 120 40 248 104 5.473269650042308
150.jpg 165 138 213 162 5.576273521635457
150.jpg 180 92 253 129 5.296012248551081
151.jpg 48 144 432 336 5.703699121436657
151.jpg 40 100 200 180 5.097871577797619
152.jpg 323 263 396 300 7.347573554075062
152.jpg 272 144 400 208 6.197944291974498
152.jpg 193 230 341 304 5.826898609255343
152.jpg 98 232 155 261 5.773145274277137
153.jpg 108 151 154 174 6.727888246213626
153.jpg 34 51 171 120 6.721061851648644
153.jpg 266 138 326 168 5.732483589068599
153.jpg 93 138 141 162 5.563919488762362
153.jpg 201 141 257 169 5.328883890889294
153.jpg 72 145 141 180 5.23926759368171
153.jpg 369 212 443 249 5.170509016709397
153.jpg 133 120 346 226 5.123838764808326
154.jpg 100 120 420 280 6.775405724086571
154.jpg 160 324 224 356 5.345684275952369
155.jpg 157 255 208 281 5.790288376405998
155.jpg 291 197 360 231 5.092672798444264
156.jpg 288 216 336 240 7.3263819570370945
156.jpg 140 60 460 220 7.1055981063561475
156.jpg 249 277 300 303 6.333053753979735
157.jpg 66 80 280 186 6.78056091448628
157.jpg 62 254 108 277 5.298738553136323
158.jpg 180 225 420 345 5.9848678456894255
158.jpg 84 247 197 303 5.2511629524546635
158.jpg 231 128 368 197 5.147617907135558
159.jpg 312 168 376 200 5.726049900905968
159.jpg 120 150 360 270 5.573243885047232
159.jpg 322 270 442 330 5.091486415810294
160.jpg 337 290 388 315 5.568783096409106
161.jpg 208 156 272 188 8.384348180727901
161.jpg 102 154 377 291 6.416047518570956
161.jpg 360 225 472 282 5.794148919790107
161.jpg 212 114 300 158 5.212133948585544
161.jpg 146 53 360 160 5.032783089511939
162.jpg 276 78 372 126 6.26920787996055
162.jpg 90 168 186 216 5.884085500183147
162.jpg 166 129 313 203 5.475420626741185
162.jpg 185 70 265 110 5.222680230980625
162.jpg 185 21 359 109 5.199136471356397
163.jpg 207 76 381 163 6.085312122765085
163.jpg 135 120 375 240 5.214312386183785
164.jpg 71 17 117 40 5.638605927284454
165.jpg 54 98 229 185 7.275798984538042
165.jpg 175 60 249 96 6.446864973998824
165.jpg 27 54 114 98 5.822956983723726
165.jpg 349 148 405 176 5.596147793351527
165.jpg 111 261 159 285 5.124843708616957
166.jpg 48 164 112 196 6.374426620405085
166.jpg 157 153 217 183 5.352007690800722
166.jpg 213 192 261 216 5.318284579523649
167.jpg 45 165 285 285 6.082691853427171
167.jpg 293 156 346 183 5.238019109934118
167.jpg 232 162 345 218 5.164310619702782
168.jpg 250 271 307 300 6.874606554583014
168.jpg 240 250 296 278 6.732201390487031
168.jpg 250 290 303 316 5.735890742935247
168.jpg 265 240 402 308 5.503951038638242
169.jpg 104 192 154 217 5.347792401817582
170.jpg 14 35 70 63 6.122884327097642
170.jpg 300 126 350 151 5.919340681034859
170.jpg 90 120 210 180 5.534763308386069
170.jpg 265 145 345 185 5.160500352190505
171.jpg 250 109 338 152 6.23645204213803
171.jpg 210 126 258 150 6.152670157284387
171.jpg 106 220 213 273 5.369364707318045
172.jpg 296 214 347 240 6.46277162751387
172.jpg 43 245 130 289 5.71494463374173
172.jpg 375 240 426 265 5.581678627279853
173.jpg 195 271 296 322 5.330651069678579
173.jpg 227 126 328 176 5.1918710471385765
174.jpg 154 205 291 274 6.290629122916773
174.jpg 310 60 367 88 5.615156021394242
175.jpg 131 262 177 285 5.579721772045001
175.jpg 142 274 188 297 5.105799427322186
176.jpg 330 192 398 227 6.270000985070411
176.jpg 129 294 177 318 6.025406703822517
176.jpg 188 68 462 205 5.888261575848956
176.jpg 76 174 163 218 5.156172786485026
177.jpg 262 243 312 268 8.074607165404402
177.jpg 262 220 308 242 6.921150724998334
177.jpg 265 230 315 255 6.542833024649841
177.jpg 130 261 218 305 5.00503506655172
178.jpg 328 176 378 202 6.946989406614312
178.jpg 280 208 408 272 6.361337366008264
178.jpg 7 243 67 273 5.8440888675995915
178.jpg 83 9 230 83 5.628519208919435
178.jpg 360 290 461 341 5.303197032412292
179.jpg 294 171 340 194 5.824327353867787
179.jpg 202 171 248 194 5.592405876074494
180.jpg 20 100 340 260 6.440210415268016
181.jpg 380 228 425 251 5.562372908872105
181.jpg 206 56 260 83 5.497720823062215
181.jpg 126 198 222 246 5.3496785757051075
182.jpg 143 180 196 206 5.009014931451599
183.jpg 312 168 376 200 7.3266565795182395
183.jpg 320 153 373 180 6.219514604017906
183.jpg 65 105 111 128 6.118764863854098
183.jpg 252 172 316 204 5.721569714926371
183.jpg 190 150 243 176 5.11889081493039
183.jpg 126 126 180 153 5.013518189800127
184.jpg 248 151 294 174 5.13012022134302
184.jpg 265 51 311 74 5.047415461415476
184.jpg 120 129 267 203 5.0110880223374945
185.jpg 120 192 312 288 5.889470799427288
185.jpg 40 100 360 260 5.654516159365388
186.jpg 296 195 347 221 5.671913714770135
186.jpg 0 48 384 240 5.250685533438354
187.jpg 284 68 348 100 6.3400542175814465
187.jpg 172 76 236 108 5.312028667922235
188.jpg 6 69 107 120 6.152027387661963
188.jpg 257 214 394 282 5.768843950938333
188.jpg 267 156 415 230 5.271935124746149
188.jpg 192 55 261 90 5.117275545286436
188.jpg 229 43 403 130 5.042456358128895
189.jpg 214 108 260 131 7.857171949262067
189.jpg 252 228 444 324 5.819522911875261
189.jpg 258 132 306 156 5.805581587598592
190.jpg 225 105 465 225 6.2158792667319425
190.jpg 57 165 105 189 5.586267420912657
190.jpg 179 169 267 212 5.115065200742944
191.jpg 17 154 62 177 6.603129928703053
191.jpg 100 160 164 192 6.3928675414517535
191.jpg 107 180 175 214 6.315494945705474
191.jpg 211 167 262 192 5.92896862602182
191.jpg 24 254 81 282 5.653070089269065
191.jpg 0 235 73 272 5.002325603469446
192.jpg 60 90 220 170 6.546790491686387
192.jpg 68 197 205 265 5.550798061421666
192.jpg 239 218 414 305 5.340770639748934
193.jpg 280 70 360 110 5.1736798689503996
194.jpg 372 126 423 151 5.529164341494683
194.jpg 113 94 164 120 5.195270430705305
195.jpg 133 133 346 240 6.117095728253275
196.jpg 202 189 303 240 5.001848955996255
197.jpg 343 229 430 272 7.140227474568199
197.jpg 145 132 214 167 6.3123199896517335
197.jpg 350 166 403 193 5.746496745191047
197.jpg 220 200 300 240 5.49704744328022
197.jpg 261 54 436 141 5.489923603064193
198.jpg 260 112 324 144 5.934177066420599
198.jpg 188 85 462 222 5.755575587411645
199.jpg 135 220 215 260 6.167035143804947
199.jpg 349 256 436 300 5.916112378364881
199.jpg 295 255 375 295 5.376346508897678
200.jpg 220 90 380 170 7.519937021281965
200.jpg 133 110 207 147 7.3704224630143145
200.jpg 124 73 198 110 6.255272190761961
200.jpg 270 176 323 203 5.452747123573165
200.jpg 160 26 373 133 5.240937350396585
