117
1858892390 1514551246 1035337790 580298557 1583887603 1849217476 1911608290 596120164 1671398774 1892387913 1512775511 
342083298 1578880913 591860806 1937874400 1539575237 1889492466 1296396048 357465088 799182182 990121051 
2059860419 252154778 822554028 482439703 586534298 99285346 879267438 773783670 1735728277 1724517539 
672143045 415617181 789759250 473108377 1737235479 104600758 1292906581 377709854 1860011242 859199494 
431909558 995679329 485859729 1708004678 1352820118 2060181958 1387973069 315688543 62782419 666047984 
149436279 1642871112 900857333 466751617 378065011 982103306 2093297665 1220959992 293284194 546638073 
1760935512 403919980 1620369883 217338359 20423590 655794457 569720377 2088729937 2132717883 2080849171 
1165701468 24505809 1643294081 476110687 419287770 312619242 1230228824 193875073 1887425685 1763495730 
990477700 639918848 2022253262 1157703802 2145391466 1566191790 1291974209 1785876865 1802609897 1669286901 
566748619 377825942 1231675251 1847376731 1476056683 856879186 1280722431 524814988 319130142 652123187 
1629086423 942492134 595267022 1395294754 481099364 421516588 1414752202 1703531673 1901469460 2067743522 
90708317 117860943 1469972626 589969579 896905194 445209983 